0.039980367
0.031310942
0.0163059
0.026700959
0.028966304
0.09389155
0.11481087
0.04993648
0.018893406
0.05569915
0.0071682273
0.079899386
0.010435589
0.023784366
0.009009607
0.010681677
0.0069269235
0.008517842
0.0139418
0.007418207
0.007820471
0.013345319
0.0064536794
0.006150061
0.006743351
0.009124238
0.0105663445
0.014976798
0.007626269
0.006820421
0.013470861
0.0046803257
0.0029549066
0.009881845
0.008819854
0.008212666
0.006995467
0.005206158
0.007398108
0.009444097
0.006932595
0.009108407
0.006167787
0.004458158
0.004183659
0.0068629785
0.007848538
0.0066592954
0.0052096318
0.01010374
0.01611153
0.0098917205
0.0049893064
0.006120391
0.0048975246
0.005013705
0.0030336245
0.0064210473
0.0047204685
0.011652403
0.005251791
0.004931528
0.0071265157
0.005598955
0.0043062377
0.008698458
0.0038407585
0.0053562503
0.0048933504
0.0033794995
0.007821953
0.0050823456
0.005086897
0.006894957
0.0036971
0.0049390686
0.0038865572
0.008099092
0.0068825735
0.006542776
0.005281096
0.0031587384
0.003377609
0.0027657412
0.0035203928
0.0028336307
0.003738797
0.0035688577
0.00249987
0.005803423
0.0048507056
0.006402349
0.008108856
0.009700252
0.0074288743
0.007543966
0.006641248
0.0032051788
0.0038205385
0.0038684583
0.00551399
0.0031403624
0.0034347489
0.0047347625
0.0035918239
0.006001572
0.0077087097
0.0024978332
0.003233321
0.0025566665
0.007818756
0.0047379383
0.0063801855
0.004150812
0.003929719
0.0023187776
0.0072877603
0.0021238257
0.004070513
0.007340351
0.002004373
0.0016194561
0.0052524153
0.0060004443
0.0028632449
0.0041430714
0.0060238205
0.003529007
0.0060743373
0.003822098
0.0024098824
0.0025647446
0.0051194513
0.0027431957
0.0028067473
0.0048739035
0.0013703974
0.0020505195
0.0032219994
0.00679659
0.0014199339
0.0017459564
0.0024893861
0.0044371192
0.0033286388
0.0015500326
0.0059775314
0.0034970306
0.0025938596
0.004133459
0.004368041
0.0026681449
0.0027393564
0.0032230492
0.0018924744
0.002210714
0.0018657092
0.0035511088
0.003528317
0.002326551
0.003858136
0.0031761243
0.002844922
0.0017175785
0.002864638
0.0028806236
0.0058687897
0.002302324
0.002173557
0.003277089
0.002048097
0.0032196268
0.0042153257
0.0031937952
0.0028915456
0.003758017
0.0027914937
0.0033108145
0.0024038823
0.001223122
0.0020662097
0.0043402347
0.004299622
0.004113837
0.0038858298
0.0014744274
0.0017421044
0.0033059055
0.0028915429
0.0030964627
0.0026939623
0.002228925
0.0046443325
0.0011775151
0.0020353203
0.0022176513
0.0016503328
0.003074936
0.0014474324
0.0027254452
0.00294609
0.002093359
0.0013805006
0.0016415258
0.0017373807
0.0013613844
0.0010085506
0.004342995
0.0017471936
0.0011588628
0.0026759817
0.0017502382
0.0015855775
0.003757089
0.0023329942
0.0017500715
0.0028696263
0.0013080044
0.0027811849
0.0014541376
0.0023035873
0.0026489745
0.0012208822
0.0020471327
0.001850982
0.0018470421
0.0014860373
0.0008843184
0.0034782086
0.0020724437
0.0023366308
0.004071953
0.0018961094
0.0024647445
0.001933995
0.0027860408
0.0041668704
0.002290009
0.0026745964
0.004701692
0.00154129
0.0017060507
0.0032443404
0.0014963767
0.0036791395
0.001945094
0.0019704541
0.0014447098
0.0024553293
0.0017694847
0.001972894
0.0017608599
0.0024160058
0.0015327192
0.0026136746
0.0012855659
0.002157621
0.001540501
0.0018519871
0.00079801324
0.0015350598
0.0024224995
0.0012601967
0.0011971975
0.0019470109
0.0011214021
0.0020013836
0.001727724
0.0019292384
0.0016732062
0.0027146356
0.0012476784
0.0022779978
0.0029412224
0.0023400593
0.0013988891
0.0019409284
0.0014439564
0.0011392594
0.00274856
0.002814108
0.0017990329
0.0016281208
0.00039111133
0.0015389393
0.0026022424
0.0014851986
0.0022329094
0.0013151168
0.0023259628
0.0020132242
0.0017331432
0.0029845042
0.0007174215
0.0014321851
0.0011988188
0.0019360313
0.0025145183
0.0012111624
0.0024128621
0.0011622844
0.0007072847
0.0015504294
0.0019313734
0.0015960321
0.0023649174
0.0008496407
0.0019805606
0.0016856188
0.0022685756
0.002095305
0.0015349546
0.0013269003
0.0017842635
0.0020836722
0.0014099934
0.0012623252
0.0015986565
0.001907682
0.0015707472
0.0007987261
0.0017155356
0.0011970031
0.0014056735
0.0016144335
0.0017749247
0.0009693533
0.0012669838
0.003262672
0.0021245684
0.0016708204
0.00064098305
0.0011506815
0.0016668232
0.001184853
0.0020616874
0.0024315051
0.0010377668
0.001532108
0.0019648846
0.0012373498
0.002633506
0.00245517
0.0008855602
0.0009985031
0.0016797623
0.0022319488
0.0011966408
0.00078817934
0.001576375
0.0010489342
0.0009617568
0.0018158562
0.0009553074
0.002178553
0.0015391222
0.0011331737
0.0027778866
0.0013425853
0.001789165
0.0014725274
0.0037905572
0.0007181861
0.0009848666
0.0011529672
0.0008073623
0.0013193523
0.0011697127
0.0008530619
0.0013458515
0.0006791111
0.001348187
0.0014055095
0.0011361893
0.001173205
0.0020150186
0.001743861
0.0013908781
0.001438572
0.0016546784
0.00076474436
0.0013055857
0.0017514785
0.003358873
0.00094145973
0.0024697608
0.0014379349
0.0010131078
0.001659188
0.00047762343
0.0014152698
0.0010448328
0.0013403611
0.0018209046
0.001990884
0.0006683174
0.0014574167
0.00089098664
0.0016337368
0.000860213
0.0017361612
0.0014224418
0.0026276424
0.0008473302
0.001168677
0.0013629649
0.002008588
0.00094532897
0.001726791
0.0010401765
0.0009586406
0.0015972112
0.00084952195
0.0021295343
0.001541768
0.0013235637
0.0010691741
0.0017294125
0.0009766915
0.0013252641
0.0029041243
0.0014751948
0.0014279457
0.00080547686
0.001865366
0.0008779726
0.0014168684
0.0015156524
0.0021299277
0.0008490103
0.0010952507
0.00082872773
0.0015858834
0.0012606413
0.0011519976
0.0018027475
0.0007194765
0.0013685145
0.0013634483
0.0011110699
0.0015472247
0.0007427945
0.0009582229
0.0013596134
0.0014399986
0.0017350931
0.0008122354
0.0017970086
0.0008341096
0.0012337663
0.0010787859
0.0010867218
0.0014632596
0.000927438
0.001100725
0.001425768
0.0011983494
0.0010780913
0.0021861526
0.00094464
0.00081847975
0.0009821998
0.0019498605
0.0011139407
0.0011162285
0.00047064456
0.001235581
0.0018138647
0.0009546524
0.0013197263
0.0030900813
0.0015658619
0.0022816851
0.0010982854
0.0006416424
0.00031703623
0.0011188881
0.0016771257
0.00089730916
0.0021413881
0.0009649594
0.0015587099
0.0005924634
0.0006091113
0.0006722302
0.0007733803
0.001107919
0.0006993897
0.0010900118
0.0013399792
0.0009805756
0.0021014023
0.0009710158
0.0014627445
0.000993518
0.0011762374
0.0008605098
0.0018290954
0.00076552125
0.000740284
0.0010779245
0.001982131
0.0013636348
0.0011776399
0.0010520737
0.00096779526
0.0013450149
0.00065099867
0.00091469975
0.0006643502
0.0015199692
0.0012212404
0.0007741237
0.00065905385
0.0008977392
0.0006753632
0.0025348375
0.00067244854
0.0010852211
0.0008062745
0.000999353
0.001057736
0.0003614062
0.00097306294
0.0012923864
0.0011365239
0.0014667967
0.0008297457
0.0007317916
0.0013085674
0.0009227999
0.0010610683
0.0010294816
0.000876208
0.0008229322
0.00095467584
0.001175273
0.0007459193
0.0010058641
0.0008275388
0.0012584142
0.00095759396
0.00091862923
0.0010607957
0.0007431306
0.00072847935
0.0013238369
0.0010054801
0.001599077
0.001088415
0.0015711803
0.0008745852
0.0014237827
0.0009876457
0.0009727638
0.0017634779
0.0010794054
0.0010769984
0.0011245499
0.0023409296
0.0021169975
0.0014863181
0.0013229856
0.0009784738
0.0006692596
0.00086951297
0.00074192265
0.00197102
0.0014081685
0.0008066892
0.0004339808
0.000585017
0.0010264049
0.0007863878
0.000926858
0.0015530307
0.0008564505
0.0016281083
0.0006227716
0.0018358481
0.0009406485
0.0012985712
0.0010886239
0.0006298764
0.0015987846
0.00057297293
0.0008851107
0.0016291052
0.0015977451
0.00058643
0.0011268856
0.0007195158
0.0060800943
0.0014793965
0.0015413663
0.0009538519
0.0013203671
0.00076533196
0.0005120061
0.0010295385
0.0014954805
0.0011170787
0.0007692395
0.0023894254
0.001110528
0.000838285
0.00096180174
0.0015760364
0.0014961027
0.0018118978
0.00065359444
0.0010211633
0.001307816
0.0016421678
0.001043905
0.0008175957
0.00059318135
0.00069694634
0.002180018
0.0011373766
0.0021606851
0.0019488083
0.00062637235
0.00089057314
0.000500604
0.0004988038
0.0008853194
0.001650308
0.0016694972
0.00067238754
0.0015635531
0.00092067895
0.0006455669
0.0010794272
0.002349054
0.0008713968
0.0008804903
0.0009025617
0.0007685084
0.0010725635
0.0012056053
0.0009379131
0.000551648
0.00088027393
0.0007889098
0.000500143
0.00076673366
0.0005126428
0.00078703556
0.0009928544
0.00076117297
0.0005161366
0.0015781278
0.0007202739
0.00102856
0.0009148437
0.00080218
0.0007539523
0.0009691882
0.0012045128
0.00079016725
0.0011392059
0.0005529497
0.0009532246
0.000789862
0.0008703129
0.000989687
0.0008692166
0.00056255324
0.0009199166
0.0006601353
0.00041937313
0.001285657
0.0010626449
0.00094085466
0.0014732517
0.0007752761
0.0010944826
0.0009302837
0.0011903303
0.00046591563
0.00048091705
0.0005862708
0.0006691916
0.0005801608
0.00059133285
0.0006133122
0.0004772662
0.0010278604
0.0016133556
0.0007589853
0.0010092272
0.0010816443
0.0013903193
0.0015309782
0.0011370713
0.00056818506
0.0009959921
0.0012048219
0.00063873583
0.00095880264
0.0009438614
0.00081671705
0.00090380653
0.0012932157
0.00057482487
0.00055109453
0.00075380923
0.0005879407
0.0010244788
0.0008182446
0.00087051233
0.00093509414
0.0018040135
0.0013149215
0.00069992355
0.0012240927
0.000939762
0.0010616214
0.0006812457
0.0010423176
0.0013363268
0.0008491948
0.0005713224
0.0005577347
0.00057311123
0.00090343086
0.0012712621
0.00063322386
0.0009132714
0.0006060464
0.0014681289
0.00084842136
0.0006856457
0.0007601747
0.0004498907
0.00067086786
0.0007439423
0.0010772595
0.0011876454
0.00038205992
0.00084460573
0.0004735422
0.0005145706
0.0013739835
0.0012233393
0.00094137405
0.00085671403
0.0009750861
0.00056447054
0.00064537907
0.0009221295
0.0011295052
0.0011805432
0.0012798596
0.0010131923
0.00046729477
0.0010837624
0.00079963234
0.00039028478
0.0014335001
0.0010730763
0.00079280953
0.00072447385
0.00068544893
0.0010028752
0.00084041187
0.0007867482
0.00066980947
0.0011954898
0.0006446247
0.00075889425
0.00051084376
0.00088994973
0.0007360733
0.0006653366
0.0017090248
0.0008457287
0.00040790596
0.00091597706
0.00060909113
0.0005285338
0.0018932773
0.0008392778
0.0005996296
0.00075721194
0.00061086845
0.00088307203
0.00073694985
0.00075859827
0.0007930584
0.0005192766
0.00056904263
0.00065284583
0.0007551346
0.00093501934
0.00057559414
0.0010402311
0.00074959005
0.0008555994
0.00039067748
0.00056692224
0.0013502063
0.0009366662
0.0011350103
0.00067912356
0.00090730813
0.00065934996
0.00072345155
0.0006966586
0.0009647453
0.0007721785
0.00066288235
0.00084804173
0.0004627652
0.0007899521
0.0009382858
0.0009772741
0.0007457558
0.0017287306
0.00080051104
0.0005687909
0.0014368044
0.00067815743
0.0008690733
0.00080580264
0.00090152817
0.00055682694
0.00044512152
0.0009733412
0.0012482902
0.0007775333
0.0015700057
0.00086926564
0.00038302608
0.0011854001
0.0012455571
0.0007835987
0.0017928311
0.0009104073
0.0010623892
0.00080570264
0.001192604
0.00063911994
0.0017349599
0.0021603664
0.0009788441
0.0014761386
0.0008333778
0.0004905115
0.0012173003
0.0004980783
0.0009290497
0.00055405527
0.00049105915
0.0006729595
0.0005414415
0.0017077479
0.00089230377
0.00046407082
0.0009633646
0.0005047701
0.0006984541
0.0010345738
0.0006153491
0.0007824822
0.0008769304
0.0005460368
0.0007506276
0.0009035111
0.0006284033
0.0006779697
0.00058151584
0.0009694346
0.00077304326
0.00052699784
0.00059227715
0.00043847127
0.00057593687
0.0014522967
0.00052856654
0.0017516119
0.00056361745
0.0008021949
0.001037582
0.001799139
0.0005431568
0.00093321083
0.0008205566
0.0009236978
0.0008649199
0.00093156844
0.0004157852
0.00074693596
0.0009150844
0.0005130316
0.001007166
0.0008647683
0.00092268706
0.00037576392
0.0017510441
0.00037219608
0.0011629544
0.00037140207
0.00074105634
0.0020297123
0.0006317338
0.0005507475
0.0007011313
0.00065716496
0.0006695205
0.0005387798
0.000528184
0.0009593549
0.00061776757
0.001195177
0.00049874303
0.0007996463
0.00076875696
0.00034001912
0.0007647757
0.0006937303
0.0008504341
0.0004128646
0.0006273971
0.00045305304
0.0006237227
0.0006265704
0.00066514284
0.00092176895
0.0010481213
0.0007450832
0.0006275977
0.0005664326
0.00078069186
0.0016526345
0.00073826034
0.00042969536
0.00063313165
0.0006890564
0.001113754
0.00029531104
0.0005207695
0.0006846873
0.00042313102
0.00070377695
0.00038330717
0.00048645533
0.0010136041
0.0011835555
0.0011979425
0.0015584304
0.0024264958
0.0006839135
0.0011389497
0.001122135
0.0008893041
0.00060831674
0.0003660201
0.0007481057
0.00071884156
0.0005948401
0.000569026
0.0020695413
0.0006001684
0.00043255062
0.0012764307
0.00078756234
0.00058893714
0.0006574894
0.0010528349
0.0015207923
0.00076430605
0.00080169213
0.0011900298
0.0008768992
0.00077779824
0.00070138293
0.0006501104
0.00056033034
0.00063915714
0.00063522917
0.00093551324
0.000632235
0.0008832861
0.0004715514
0.0006272831
0.0004633199
0.00082588795
0.00051518425
0.001391442
0.0006467984
0.0010678128
0.000491985
0.0010649771
0.0014003916
0.0013298858
0.001252042
0.0006299566
0.0012662937
