0.059162498
0.078615114
0.0627967
0.030368686
0.039964914
0.052319057
0.025272269
0.048332274
0.020739118
0.053526845
0.032600075
0.018366233
0.017828085
0.04282292
0.02378885
0.046691358
0.032478984
0.012687845
0.01925246
0.016756628
0.013316325
0.013797592
0.014725439
0.011309674
0.011460386
0.007229712
0.008021842
0.011095533
0.00955805
0.009134534
0.031311218
0.008058591
0.015062067
0.007903631
0.009524333
0.0053728498
0.005859596
0.0064153704
0.0041880514
0.0069307797
0.0044966126
0.0073262914
0.005554908
0.007944936
0.010878484
0.004352037
0.0047207223
0.0050540273
0.0072871437
0.0053912243
0.004694273
0.007027376
0.0049830545
0.00545665
0.0051789386
0.008058155
0.0033249818
0.0041953092
0.005136854
0.0046395212
0.003012124
0.00899057
0.007278779
0.008050749
0.0057549267
0.003986375
0.0027431943
0.004230369
0.00246058
0.0034501534
0.005846038
0.0034860382
0.0030660664
0.0049364194
0.0038143145
0.0055086566
0.0036777942
0.004818647
0.0041702227
0.004924567
0.00563924
0.0039081965
0.004776047
0.0049583707
0.003271454
0.0048790416
0.004960557
0.0036673127
0.0028706768
0.004071973
0.0057301833
0.0025193985
0.002346891
0.0032329685
0.0033044058
0.0036400747
0.0023055603
0.003060635
0.004152933
0.002735121
0.0017604273
0.0051166425
0.0028618053
0.0026916638
0.0021643701
0.002724378
0.0033587494
0.0026531047
0.005048043
0.0029004235
0.0027490067
0.0017168662
0.0022727158
0.0020647023
0.004396584
0.0064351214
0.0038298953
0.0021320984
0.0031239446
0.0048610508
0.0019593793
0.0017066535
0.002660523
0.002086045
0.0025459777
0.0019640354
0.0015118718
0.0022675782
0.00222293
0.0016446274
0.0018398704
0.0027984022
0.0025883857
0.002727883
0.0044209138
0.0042028627
0.0033479095
0.0027129203
0.002143512
0.0023053929
0.001250884
0.0020588795
0.0015778964
0.0020495867
0.0022866651
0.0015614994
0.0013560611
0.0036743176
0.0027118744
0.0022665905
0.004068647
0.0012936164
0.0028421755
0.0017306255
0.0038962718
0.0020820224
0.00197329
0.002530196
0.0020026546
0.0026172146
0.001920331
0.0029849
0.0023586652
0.0011903545
0.0010323449
0.002381355
0.0013894045
0.0020106444
0.0017304876
0.00081171864
0.0021774846
0.00197687
0.0017860688
0.0014788217
0.0032207519
0.0027743268
0.0011684403
0.0011272978
0.0024460298
0.0019221426
0.0027707887
0.0012988688
0.0011168628
0.0028907962
0.0017148228
0.0014342535
0.0020871218
0.0022478548
0.0015124376
0.002010786
0.00379875
0.0028655846
0.0014463484
0.0028335392
0.0017553896
0.0010354121
0.0007077843
0.0016030812
0.0017435243
0.0010511142
0.0013630971
0.0026415149
0.0027469087
0.0010475817
0.0022113316
0.0016065318
0.0012407969
0.0012524482
0.001642091
0.0010995921
0.0018342696
0.0018089818
0.0019182197
0.0010348549
0.0017720701
0.0008596654
0.0017368488
0.003203874
0.001902078
0.0014829448
0.0013880597
0.0007724286
0.0034003153
0.00141038
0.001578697
0.0018258098
0.0016301926
0.0018670585
0.0017802203
0.001432387
0.0018025113
0.0011456812
0.00217789
0.0024207728
0.0011299396
0.0006452822
0.0008495333
0.0017482344
0.0034009172
0.00093932287
0.0020511183
0.001149076
0.0014025038
0.0008138918
0.003480098
0.0026295516
0.0017964047
0.0028658137
0.001308016
0.0017687636
0.0016524086
0.0037496872
0.0006506819
0.0013501559
0.0022359272
0.0012237992
0.0015537895
0.00078301795
0.0015057296
0.0009373317
0.0014314952
0.0018389449
0.0011858331
0.0007172841
0.0016896579
0.0011093761
0.0013325805
0.0010672071
0.00076815643
0.0006936462
0.000935678
0.0012134627
0.0012876759
0.0025813226
0.0016965026
0.0012921839
0.00160629
0.001333183
0.0017902867
0.0008281029
0.0032617177
0.0008505847
0.002369819
0.00038823037
0.0010565086
0.0007171071
0.0016301288
0.0018379968
0.0014447921
0.0007968425
0.00078574516
0.0013084842
0.0008770774
0.0011937546
0.00072504394
0.0016287072
0.0012665378
0.0020765248
0.002043807
0.0017146049
0.0016205476
0.0013806568
0.0010363633
0.0035003542
0.0009892536
0.0018200094
0.0007743732
0.00069547235
0.0012354198
0.0011296412
0.00070171384
0.0009426132
0.0016121278
0.0017884555
0.001746952
0.0032664929
0.0006457091
0.0014355973
0.0020636746
0.0011034977
0.0012262461
0.001164475
0.00074681564
0.00096856937
0.00079686235
0.00065343286
0.00095411035
0.0016355892
0.0029010212
0.0015389113
0.0019764944
0.0009526205
0.0008981107
0.0007581056
0.0012153526
0.0016932609
0.0010760392
0.001054575
0.0014398673
0.00092375744
0.0019156616
0.00066097674
0.0009992002
0.00094755477
0.0007019453
0.0014879275
0.0010216425
0.0010238427
0.0015179532
0.0011320494
0.0014671584
0.0006514687
0.0019397689
0.000889495
0.0008969555
0.0024424098
0.0013153525
0.0028985254
0.0015648587
0.0010324656
0.001137256
0.001172419
0.0012709342
0.0013791922
0.0011089754
0.00069266855
0.0013118025
0.0015556356
0.0014260577
0.0011453391
0.001459877
0.0007804445
0.00079652295
0.0021791724
0.0007998377
0.0008210141
0.0006169234
0.0010483831
0.0008131744
0.0010740929
0.0012205559
0.0010504741
0.0011184626
0.0006712908
0.0015255478
0.0022504102
0.0010192598
0.0012923204
0.0010278709
0.0011524541
0.00050366763
0.00082322414
0.0024247712
0.00067724043
0.0011359046
0.0013157491
0.000997355
0.002000804
0.0013898708
0.00089213206
0.00079444994
0.00080049457
0.0010438806
0.00062396727
0.0008497834
0.0007969804
0.00061930413
0.0010967287
0.0012662264
0.0010164597
0.0011683082
0.001417974
0.002233441
0.0007574953
0.001866727
0.00078452425
0.00084439106
0.0009874891
0.00090030924
0.001466448
0.0006359612
0.00081881497
0.000864864
0.0006260788
0.0010745724
0.0009891245
0.0011250195
0.0013067634
0.0010785109
0.0008659225
0.00079304713
0.0006401603
0.0008245024
0.0007018697
0.0006777669
0.00046361954
0.0013205884
0.0008467919
0.0008053379
0.0010842204
0.00074175576
0.002110931
0.000880096
0.001087025
0.0011749063
0.0007891903
0.0007346861
0.0011657227
0.0016405749
0.0014522073
0.0010361229
0.0007864599
0.00088321697
0.0004567414
0.001085961
0.0005005176
0.0012901654
0.00057906884
0.00045846097
0.0010463151
0.001789836
0.0012612464
0.0006436337
0.0012566263
0.0017194324
0.0026846859
0.00060759054
0.00065139786
0.0006025045
0.00067955116
0.00084130396
0.0010233481
0.0006661973
0.0009440895
0.0006416761
0.00071520655
0.0008857682
0.001064701
0.0008160629
0.0009705523
0.0013151439
0.0013714568
0.001054385
0.00078025664
0.0016125905
0.0007818652
0.0011767827
0.00092851976
0.00079889456
0.0014247926
0.010608284
0.0011252481
0.0011162146
0.0007027085
0.00037177734
0.0006416063
0.0011177335
0.0010215504
0.00049545977
0.000679013
0.00047455844
0.0014014294
0.0008536482
0.0014726073
0.0014348602
0.0011997995
0.0012371358
0.0013046225
0.0009666262
0.0010401467
0.0005532407
0.0010202051
0.0008618724
0.0011102706
0.0008626715
0.0005608094
0.00076675246
0.0011135892
0.00053738395
0.0009529422
0.0006999088
0.0008746809
0.00082152244
0.0009608347
0.0011266054
0.001091125
0.001106804
0.0007785311
0.00077142706
0.0010422035
0.0010186202
0.00074856717
0.00081158004
0.000878355
0.0019973519
0.000400779
0.00069688907
0.00057682616
0.0005992884
0.0015280613
0.0008002315
0.00064879516
0.0014371523
0.0005640187
0.00055175193
0.0007393807
0.0007294688
0.0014340946
0.00071631593
0.0009602121
0.0009539241
0.00094945636
0.0005115708
0.0007810827
0.0019935777
0.00043761742
0.0017145481
0.0011846584
0.0010622956
0.0006087293
0.0013323118
0.0010663157
0.00062233326
0.0005747196
0.0012543693
0.0008650545
0.00061232055
0.0007940759
0.00062820944
0.0007445252
0.00050408713
0.00050487346
0.0010943953
0.0008138389
0.0010953661
0.00088882924
0.0006611331
0.00066433864
0.0011823564
0.0010946535
0.00076633005
0.0013545072
0.0019006915
0.0006791563
0.00096162467
0.0008676205
0.0011394243
0.0006515292
0.0010830462
0.0009858957
0.0005410269
0.000878491
0.0012556703
0.0004159552
0.0005480581
0.0012390136
0.00078269746
0.00096416636
0.00079814624
0.00047517143
0.00069591217
0.001364123
0.0007522402
0.0012744745
0.00079406163
0.0008473417
0.000390033
0.0007294356
0.000624432
0.0013401776
0.0013253104
0.00093819003
0.0007034516
0.0009430954
0.0008152164
0.00063584594
0.0006312373
0.0008493308
0.0007327147
0.00090283074
0.00070948433
0.0008224794
0.0006785618
0.00094738905
0.0016808647
0.00083392014
0.00087962043
0.0006998045
0.0016036317
0.0017250325
0.001358304
0.0009517311
0.00069689646
0.0008030922
0.0009701825
0.00047528427
0.0007708852
0.0007406635
0.00033423677
0.000561315
0.0007987516
0.0013948863
0.0019928291
0.0008488393
0.00074688694
0.00041691246
0.0008340245
0.0007630391
0.00056024146
0.0014142686
0.0014634029
0.00079052866
0.000777059
0.001202981
0.0006196185
0.00042683928
0.0005988609
0.0006336573
0.0008685242
0.00060633116
0.00087679364
0.00082044234
0.00077182724
0.0012416282
0.000826729
0.0007779083
0.00047081005
0.0009084569
0.0009032136
0.0008888782
0.0008919238
0.001262516
0.0006638907
0.0008492456
0.0007661063
0.00068327086
0.00090548926
0.00093717827
0.00044826846
0.0007835197
0.0011556328
0.0016537596
0.00074650854
0.0007287855
0.0011447602
0.0006111964
0.00089756626
0.00043901158
0.00037790433
0.0007076088
0.001085276
0.0009954318
0.0006654902
0.0011892118
0.0006014244
0.00095961045
0.0013546984
0.0010057599
0.0022156802
0.00058885635
0.00032408844
0.0005392912
0.00061225117
0.00057665934
0.0008306983
0.0011620014
0.0006314813
0.001229813
0.00050895335
0.0005952905
0.00041498104
0.001098843
0.0004425514
0.0010866894
0.00057072396
0.0011447462
0.0006490303
0.0006638285
0.00038583725
0.00068518345
0.0006362883
0.00041534612
0.0006024279
0.0014327256
0.00074371265
0.0006019899
0.00073024095
0.00048122377
0.00092529855
0.0009424833
0.0007862344
0.0010299737
0.0012648207
0.00068593863
0.00089481147
0.00078979804
0.00058906176
0.0007675326
0.00075880013
0.0014123631
0.001040268
0.001073159
0.00044700364
0.0006443197
0.0006434653
0.00049832626
0.00048572797
0.0010588206
0.00081282295
0.0007332286
0.0015147177
0.00043693342
0.0006846875
0.00041799256
0.00079360313
0.0007140822
0.0012081978
0.0010505761
0.0011657516
0.00040362863
0.00072100665
0.00041990465
0.0012650993
0.0005021383
0.001400373
0.0005518968
0.0007541332
0.00076501514
0.0008199939
0.0011142578
0.0006341765
0.00041800662
0.00068117457
0.00092463417
0.0009343303
0.00067766674
0.0005832215
0.0007212478
0.0007737046
0.00048957404
0.00082074164
0.0012654028
0.00041439623
0.0008976613
0.0005631391
0.0009340033
0.00062541204
0.00086775736
0.001342106
0.0006993261
0.0006519052
0.0008465727
0.0009693817
0.00085754215
0.0013515896
0.0015733875
0.00045639824
0.0006131251
0.00089910947
0.00064301165
0.00084275927
0.00059724186
0.00068006944
0.0005492165
0.0009790182
0.0011724103
0.0007662384
0.0004975551
0.0006130432
0.0007135637
0.0007292334
0.000671071
0.0011739274
0.00046031582
0.0007760393
0.0011063768
0.00058248424
0.0006544789
0.0008532066
0.00048945815
0.00083455816
0.0007205708
0.0008758893
0.0012521241
0.00055120175
0.00041457382
0.0005818174
0.0014727619
0.0017232265
0.0009098045
0.0006881133
0.0006579965
0.0007843124
0.0005027441
0.00078275066
0.00066449714
0.0004682276
0.0007001564
0.00040595338
0.00056331605
0.0006108993
0.0009206654
0.00076421036
0.00045702502
0.0005565958
0.0006395973
0.0005509452
0.0012582684
0.0009451009
0.0015272017
0.0005617117
0.00031561143
0.00067032396
0.00028937586
0.00075127557
0.00071836216
0.0013234307
0.0014384997
0.0013959188
0.0008406035
0.000745545
0.00045143557
0.0005426807
0.00058645674
0.000503888
0.00049385044
0.0011851611
0.00046589202
0.0009950909
0.0008739784
0.00057222205
0.0011753237
0.00062110124
0.0006179813
0.0011294561
0.0010524719
0.00051224197
0.00089533767
0.0010338391
0.0013085114
0.00041009413
0.00058722135
0.001184197
0.0006075187
0.0007460513
0.0005642392
0.0005071186
0.0006483779
0.0006008878
0.0005257536
0.0005739544
0.00080181257
0.0005542092
0.00068855047
0.0007255461
0.0006321436
0.0007545163
0.00051584956
0.0005810431
0.0010687832
0.00068872765
0.00050094794
0.0007179556
0.0013810296
0.001363175
0.000499739
0.0005785331
0.00038193
0.0006364222
0.0009966448
0.00073696923
0.00038279756
0.00031120784
0.0007781825
0.0008605248
0.00066541415
0.00079339504
0.0005821511
0.0009312925
0.0004773759
0.00048257748
0.0006942352
0.00035301072
0.000560276
0.00072633184
0.00054282916
0.0004865814
0.00045082587
0.0010902776
0.00043415773
0.0010169218
0.00061997166
0.0010338727
0.0006604564
0.0004555785
0.00056690606
0.00041191405
0.0009250387
0.0010007676
0.00071481057
0.0007817161
0.0004885645
0.0016094068
0.0003630999
0.0007567757
0.0006215974
0.0006073937
0.0009043665
0.0003638022
0.00060979434
0.0006478557
0.00034047102
0.00052984315
0.000568429
0.0007686033
0.0007186347
0.00053725275
0.0012655912
0.0008879059
0.0006082777
0.00038773718
0.0007870222
0.00051688054
0.000715378
0.00056308974
0.0011637189
0.0005593171
0.0017795977
0.000685544
0.00091554987
0.0005083082
0.00074968184
0.0005225029
0.0012869226
0.00034714089
0.00073559134
0.0005050931
0.0004636708
0.00038747393
0.0004452356
0.00038875893
0.0010043196
0.0008524973
0.0004561642
0.000492898
0.0006235604
0.0015727034
0.00062311394
0.0004688876
0.0006434337
0.001375106
0.00060300826
0.0006485713
0.0009947559
0.00071764353
0.0005390157
0.0007403324
0.00062778307
0.0005357838
0.0009344466
