0.017455703
0.03329476
0.023139391
0.025854703
0.09655459
0.023174088
0.010973148
0.008529328
0.015107745
0.00927069
0.013988808
0.009722192
0.012192379
0.016273396
0.0056054443
0.024605285
0.010429589
0.011625484
0.0057415105
0.020385355
0.015736416
0.024806257
0.008578648
0.009290527
0.0055652326
0.014466505
0.029795382
0.0138651235
0.0076345205
0.014996055
0.005587033
0.012095161
0.007990919
0.014172502
0.008779465
0.009317834
0.016035803
0.010383626
0.017334694
0.007843137
0.008377392
0.015636943
0.0055848844
0.008791298
0.010658087
0.0060246973
0.008552206
0.008839041
0.0067731002
0.0061781956
0.0069602085
0.00880972
0.0077676354
0.0036056987
0.005909972
0.0066384315
0.011182274
0.0062801503
0.0041965703
0.005669677
0.012902841
0.0058132126
0.0038816647
0.00585597
0.0026979796
0.006885552
0.005026643
0.0076829283
0.0056273374
0.006904683
0.0066766096
0.0039636865
0.00511802
0.0041333763
0.006528724
0.0032147681
0.005236651
0.0030501424
0.0033538193
0.002873465
0.0038575735
0.006555756
0.0023538088
0.006449979
0.010335851
0.005635308
0.004177698
0.012150375
0.003543455
0.0020862916
0.006052154
0.0056293495
0.0033775247
0.004182143
0.0058726235
0.004751093
0.002685451
0.0040999595
0.005188671
0.005501633
0.0067628524
0.0045676865
0.0061297338
0.006299402
0.0034267763
0.0030267802
0.0043772142
0.0035001566
0.003402304
0.0049639856
0.0036938796
0.0060753636
0.0032747658
0.0037725982
0.004751816
0.0047008963
0.0043560765
0.0050478512
0.0026658445
0.0044731917
0.0046700854
0.010564696
0.0040193982
0.004756932
0.0069475435
0.0036310598
0.0071164067
0.0041332915
0.006282229
0.0026174895
0.008450501
0.0034099375
0.004184382
0.007717207
0.0022464746
0.005796387
0.004334875
0.002991872
0.0014866383
0.0020947636
0.0039227894
0.0027992344
0.0014589857
0.003989661
0.004622487
0.004845209
0.0028169714
0.0016294383
0.0029800101
0.0025285555
0.002177788
0.0019481406
0.0034902338
0.0038850107
0.0056693605
0.0057484186
0.0048352736
0.0017601294
0.0033364915
0.002075369
0.0040021767
0.0032730836
0.0032104137
0.0061438596
0.004442317
0.0022243434
0.004172619
0.0028227172
0.0024162275
0.0048269774
0.0036950018
0.004427932
0.0031672462
0.0015796532
0.0026100297
0.002221454
0.0045707915
0.002526545
0.0022949553
0.002742875
0.0050435653
0.0020777497
0.0068147397
0.0039198245
0.0029305655
0.002590485
0.001900521
0.0036185146
0.002366198
0.0022302666
0.0028229854
0.0031551905
0.002610681
0.003385039
0.0033642552
0.00468567
0.0020276406
0.0030308347
0.0039938916
0.0018643818
0.0030626748
0.00257484
0.0033236663
0.0031306266
0.0022851485
0.002768001
0.0026109065
0.0037890216
0.0029122008
0.0032015077
0.0025836653
0.0012739422
0.0028024446
0.0022412017
0.0031665508
0.0026794763
0.0011238541
0.0020262883
0.003914488
0.0014133112
0.0040352046
0.0013314539
0.0022799703
0.0023276203
0.0025306612
0.0031472417
0.0018492214
0.0036021152
0.0016910331
0.0018010268
0.0041182023
0.002688091
0.002644806
0.0022250453
0.002053127
0.0014601578
0.0034549448
0.0031371124
0.001747993
0.0013327037
0.0019695077
0.0025712135
0.004479942
0.0024468224
0.0014820772
0.0029227026
0.0025664691
0.002147453
0.003965389
0.0023777548
0.0013602143
0.0018506328
0.002259411
0.0014988575
0.001887084
0.0031245067
0.001160122
0.0019705892
0.001899583
0.0014942772
0.0027659512
0.0016088954
0.0026197466
0.0018236696
0.0031700495
0.0028914027
0.0024650176
0.0017851861
0.0018951129
0.0022041448
0.0023549504
0.0014693602
0.002763244
0.0022710457
0.001570951
0.0023109345
0.002221168
0.0013507677
0.0020906047
0.0014495922
0.0030834198
0.0042372984
0.0025012314
0.0029187899
0.0020382649
0.0023107468
0.0008284241
0.0027254224
0.0036898803
0.0018752646
0.0018626535
0.0023674993
0.0042526475
0.0010433611
0.0019666494
0.0034648075
0.002244571
0.0024637284
0.001777418
0.0016663538
0.0018426739
0.0011055886
0.0014921115
0.0030240917
0.0038989296
0.0017842868
0.0014272702
0.0026988438
0.0017677275
0.0016218801
0.0016260601
0.00092482835
0.0031635873
0.0022828642
0.002052144
0.0014890179
0.0015486076
0.0016645656
0.0013704955
0.0024548592
0.0024190494
0.0022249732
0.0011563855
0.0020041007
0.0011958898
0.0010136953
0.002603324
0.0016658595
0.0017594895
0.001394686
0.002036835
0.0014030309
0.0023664497
0.0021046214
0.0017967558
0.0010294532
0.001430848
0.0015692443
0.0013517237
0.0013954174
0.0017203623
0.0020176845
0.002073278
0.0010501726
0.0006929984
0.0016867
0.0011272094
0.0023115263
0.0027329968
0.0013456466
0.0026519408
0.0015084947
0.0027924944
0.0009830253
0.002061995
0.00244953
0.0021833885
0.0017663084
0.0013195187
0.0022427589
0.0009646
0.002656835
0.0019434688
0.001480048
0.001408112
0.0013589206
0.0016902364
0.0028389473
0.002327025
0.0028691047
0.0013333358
0.00314618
0.0015075877
0.0011464139
0.0018062153
0.0012621931
0.0014165522
0.0014236424
0.0015225013
0.0021894379
0.002301051
0.0013746134
0.0014902484
0.00078040315
0.0026017672
0.0016017816
0.0012062901
0.0011772916
0.002100132
0.001261363
0.0026685768
0.0027384912
0.0016296858
0.0012333437
0.001051574
0.0012713998
0.0016370667
0.0015059671
0.0018809726
0.0010818627
0.0009700692
0.0012978291
0.001444328
0.000703278
0.0027418218
0.001580512
0.0012826554
0.0019768488
0.0011105775
0.0007111918
0.0018478157
0.0013242
0.0011556816
0.0017068095
0.0014578791
0.0022724783
0.001821093
0.00090169196
0.0030932846
0.0010171353
0.0017088726
0.0017511696
0.0014015719
0.0009887669
0.002036579
0.0012663982
0.0015477145
0.0023588743
0.0013508212
0.0014721643
0.00079370185
0.00069437985
0.001977047
0.0012258962
0.0012582206
0.0017713164
0.0011007297
0.0020473867
0.0012960497
0.0010224759
0.0009879612
0.0028922379
0.0025252174
0.0021450184
0.00046673324
0.0015748836
0.0013264827
0.0029649385
0.0010323576
0.000956827
0.001185026
0.0007960251
0.002094777
0.0016483357
0.001123728
0.0026959213
0.001259129
0.0022446816
0.0030561588
0.0012675405
0.0014781754
0.0019624592
0.0010915486
0.0016555341
0.0009509962
0.0010792639
0.0013693961
0.0023279556
0.00078050175
0.0011790171
0.0008149055
0.0020814463
0.0018572801
0.0010944133
0.0015518817
0.001293788
0.001076587
0.0014460891
0.0008834478
0.0009857325
0.0010359237
0.0013068094
0.00071151456
0.0005420267
0.0012616155
0.001344078
0.0011007811
0.0029381756
0.0009851332
0.0006481522
0.0015517545
0.0009319964
0.0033759866
0.0020494678
0.0009627807
0.0010369997
0.0010469629
0.0016364846
0.00089349947
0.0019080493
0.0009691617
0.0012265084
0.0011655055
0.0011886209
0.0020636464
0.00094729307
0.001349389
0.0011248601
0.0012495713
0.0029310628
0.0023525655
0.0033314484
0.0015181652
0.0013278973
0.00077208434
0.0006250601
0.0028356824
0.0019565823
0.0014397299
0.0019058821
0.00085931015
0.0014898278
0.0015783617
0.0023952527
0.0010075954
0.002066758
0.0010127181
0.0011662525
0.0010414139
0.0010439769
0.0015113045
0.0012113968
0.0013509011
0.0009736868
0.0012544875
0.0019257197
0.0016445627
0.0014589097
0.001625526
0.0017851521
0.0010649717
0.0013295673
0.0013201982
0.0010497957
0.0013017782
0.0021057818
0.0012821219
0.0013008801
0.0013027857
0.001081199
0.0009152085
0.0016415878
0.0014635874
0.0016877337
0.0015533598
0.0014134913
0.000863041
0.0009667976
0.0010027094
0.0012472462
0.0010074906
0.0007890682
0.0022648168
0.00065541
0.0010628795
0.0005854427
0.0009139144
0.0012553688
0.002389067
0.0014584087
0.0011352819
0.00076476857
0.00079571735
0.0020334688
0.0012011215
0.002487241
0.0020893756
0.0006703866
0.0007639298
0.0012048576
0.002452118
0.0012639002
0.0014136443
0.00073227123
0.0010825391
0.00045977658
0.0018745115
0.0007499607
0.0012321328
0.0014771016
0.0009131145
0.0013279597
0.00088552816
0.0011357426
0.0021004658
0.0011195772
0.0011557062
0.0011112986
0.0011649113
0.0010103155
0.0014002093
0.0007972609
0.000999647
0.000798091
0.0011160659
0.00069177384
0.0010395872
0.0016269487
0.0012061945
0.0013882266
0.0016679735
0.0010041604
0.0015692157
0.00089121703
0.0019147282
0.00057145086
0.002322744
0.0009482616
0.00076076924
0.0007780664
0.0010241284
0.0015405079
0.0008258667
0.00354659
0.0014807915
0.0011161148
0.00091601885
0.00068430573
0.0010451265
0.001386206
0.0010735295
0.0022008428
0.0006306607
0.0008270083
0.00092860905
0.0010734333
0.00055010087
0.001430604
0.00059053506
0.00060452824
0.00095765357
0.0016053825
0.0015927365
0.00094044255
0.00104218
0.00080043566
0.00096623774
0.001875237
0.0013943244
0.0025523324
0.00095834315
0.0010379498
0.0005418882
0.00077079155
0.0005550692
0.0010801484
0.0014338763
0.0015362849
0.0012251146
0.0011974433
0.0008995037
0.001024272
0.0007606965
0.001091503
0.0019481732
0.0007282997
0.001327876
0.0010411906
0.0012366045
0.002281465
0.00081651716
0.0007991934
0.00035476097
0.0009907982
0.0021211174
0.001260371
0.0015611973
0.00080424687
0.001227635
0.0008324624
0.0009388076
0.0017762536
0.0018871905
0.001322683
0.0015325055
0.0013752155
0.0013790986
0.0008704135
0.00090867694
0.0008768779
0.0008219778
0.0015447576
0.0014243334
0.0013030049
0.0022054375
0.000645573
0.0012024464
0.0010204519
0.0012748098
0.0004862159
0.00086677144
0.0011023784
0.0010339654
0.0018004685
0.0013233938
0.00081907184
0.00081705407
0.0011175936
0.0008030079
0.0007670232
0.00081712287
0.0016685398
0.0024172326
0.0014795426
0.0013708151
0.0011847635
0.0019019264
0.000813089
0.0017159143
0.0015471184
0.00131984
0.0006791439
0.0008656102
0.0005845104
0.0011052511
0.00064395677
0.0011599584
0.0009020904
0.0008088009
0.0016196026
0.0008205032
0.0007544157
0.00061780115
0.0010331206
0.0015327528
0.002116113
0.0009187395
0.000890525
0.00092509843
0.0016310326
0.00061335874
0.0011140549
0.00093539467
0.0012706716
0.0012993899
0.0014390645
0.0010402815
0.00059572735
0.0010253959
0.0013678898
0.0011509913
0.0013097348
0.001611316
0.0015996624
0.00042147323
0.0009084109
0.000899272
0.0012617854
0.00083658646
0.0011624817
0.001380086
0.0005410194
0.0016046441
0.0010720808
0.0008004138
0.00053945364
0.000780622
0.0009847415
0.0008203309
0.001002705
0.00068508834
0.0006875786
0.002436724
0.0011410231
0.001082214
0.00081277284
0.0006515702
0.0014323757
0.000542986
0.0012444847
0.0005226553
0.0016523914
0.0008824974
0.00080839207
0.0020829746
0.0013210814
0.0008493864
0.0008097179
0.0008461014
0.00069147296
0.00078458403
0.0009071375
0.0020686272
0.00066113815
0.0007120787
0.0007734309
0.00067339174
0.0005552035
0.0006739108
0.0008106795
0.00066934095
0.0009259618
0.0012481107
0.0019565576
0.0011491566
0.00052582216
0.0013005927
0.0010290958
0.0007951297
0.0006801158
0.0008600053
0.0012603162
0.00070064183
0.0028192035
0.00118688
0.00042818973
0.0005890747
0.00084991375
0.0014192597
0.0009706373
0.0011988151
0.0004978066
0.0008962114
0.0005898387
0.0021401364
0.00070994854
0.0015842055
0.0006491331
0.0017681946
0.0007476194
0.00093322195
0.0014098503
0.0006457962
0.0010579115
0.00069696223
0.0008798082
0.0006522051
0.0010211421
0.00068742334
0.0007623347
0.0011481037
0.0006895486
0.00095029024
0.0008855408
0.0011579087
0.0010453701
0.0008041952
0.0007586029
0.0003746862
0.0009316431
0.0008706879
0.0012218598
0.0008553918
0.001397307
0.0014176676
0.0009026052
0.0012937727
0.0010282322
0.0014216641
0.0009828953
0.00076078344
0.0010383988
0.0007358508
0.0007617587
0.00081573095
0.00069198816
0.0010005579
0.0009922681
0.0006164115
0.0013110987
0.0008825289
0.0018181661
0.0018092341
0.00088335545
0.0004701083
0.00058464846
0.00048350505
0.0007829423
0.0007090013
0.0005269067
0.00048587308
0.0004313434
0.0007260555
0.00070612243
0.000981116
0.0010930974
0.00096391176
0.00076298404
0.001336357
0.0007583219
0.00083615247
0.0007087632
0.00046285064
0.0007457374
0.001003365
0.0005240261
0.00097014604
0.0006304756
0.00087628537
0.00095801445
0.00082702714
0.0009340832
0.0011908173
0.0010064782
0.0012794626
0.00050794345
0.00041974976
0.0006613707
0.0006571998
0.0010678541
0.00048592215
0.0015872472
0.00053321314
0.0007487148
0.00086320285
0.00095981045
0.0007008803
0.001558325
0.0006931968
0.0013431752
0.0010180722
0.00048146112
0.00059604424
0.0005689749
0.0008535059
0.0010986177
0.0005109162
0.0008045565
0.0007291975
0.0015472074
0.0012573256
0.00069265853
0.0010131762
0.0004495737
0.0005800907
0.00053968874
0.0012309324
0.0005555292
0.0008758715
0.0010731675
0.0010264028
0.0015411898
0.0006681233
0.0009162882
0.00069074275
0.0008321369
0.0006149355
0.0011787898
0.0011031809
0.0006642201
0.00087896286
0.0005281622
0.00038954732
0.0009112203
0.0017206513
0.0012039967
0.0009981106
0.0012074226
0.0013995804
0.00048635853
0.0010693276
0.0006944112
0.0005650257
0.0006573162
0.0014554623
0.0007195934
0.00069746416
0.00087209
0.0006145638
0.00088784134
0.0013546887
0.00083683047
0.0007934148
0.0006908034
0.00053879566
0.0006781809
0.00061627966
0.00070486823
0.0009148537
0.00070922886
0.0018355659
0.00037745864
0.0007994956
0.0016261013
0.0006812724
0.0007453024
0.00046940823
0.000555225
0.0010270177
0.0007750152
0.0010104136
0.0013874378
0.00086122844
0.00070744473
0.00063961226
0.00064606173
0.00067542697
0.00062334415
0.0006618806
0.00095504755
